100
4 10 1
8 13 3
2 6 2
4 10 1
8 13 3
2 6 2
4 10 1
8 13 3
2 6 2
4 10 1
8 13 3
2 6 2
4 10 1
8 13 3
2 6 2
4 10 1
8 13 3
2 6 2
4 10 1
8 13 3
2 6 2
4 10 1
8 13 3
2 6 2
4 10 1
8 13 3
2 6 2
4 10 1
8 13 3
2 6 2
4 10 1
8 13 3
2 6 2
4 10 1
8 13 3
2 6 2
4 10 1
8 13 3
2 6 2
4 10 1
8 13 3
2 6 2
4 10 1
8 13 3
2 6 2
4 10 1
8 13 3
2 6 2
4 10 1
8 13 3
2 6 2
4 10 1
8 13 3
2 6 2
4 10 1
8 13 3
2 6 2
4 10 1
8 13 3
2 6 2
4 10 1
8 13 3
2 6 2
4 10 1
8 13 3
2 6 2
4 10 1
8 13 3
2 6 2
4 10 1
8 13 3
2 6 2
4 10 1
8 13 3
2 6 2
4 10 1
8 13 3
2 6 2
4 10 1
8 13 3
2 6 2
4 10 1
8 13 3
2 6 2
4 10 1
8 13 3
2 6 2
4 10 1
8 13 3
2 6 2
4 10 1
8 13 3
2 6 2
4 10 1
8 13 3
2 6 2
4 10 1
8 13 3
2 6 2
4 10 1